w = 178.08/2; r = 0.05;
VSL = (w*365)/r;
Xd = 0;
p_o = 0.849;
p_y = 1 - p_o;
cH = 2275.20;
ts = 1;
cV = 8200;
cU = 0;